66.0
66.0
66.0
66.0
66.0
66.0
66.0
66.0
66.0
66.0
66.0
66.0
66.0
66.0
66.0
66.0
66.0
66.0
66.0
66.0
66.0
66.0
66.0
66.0
66.0
66.0
66.0
66.0
66.0
66.0
66.0
66.0
66.1
66.1
66.0
66.0
65.9
65.9
66.0
66.0
66.0
66.0
66.0
66.0
66.0
60.1
60.0
60.9
66.0
66.3
65.9
65.9
65.9
65.7
65.4
67.0
67.0
67.2
67.3
69.0
69.2
69.2
69.0
69.0
68.7
68.6
68.4
68.5
68.4
68.5
68.5
68.4
68.3
68.9
69.1
69.2
69.2
69.2
69.2
69.2
69.2
69.2
69.1
69.1
69.1
69.3
69.3
69.7
71.3
72.3
72.8
72.9
72.9
72.8
72.8
73.0
72.9
72.9
73.0
72.9
73.1
73.1
73.1
73.2
73.2
73.3
73.0
73.1
73.2
72.9
73.0
73.1
73.0
73.3
73.9
73.5
73.4
72.8
72.7
72.7
72.7
72.7
72.7
72.7
72.6
72.2
72.0
72.0
71.8
71.7
71.8
71.8
71.8
71.8
72.0
72.0
71.9
71.9
71.9
71.9
71.9
71.9
71.9
72.0
71.9
71.9
71.8
71.7
71.7
71.7
71.7
71.7
71.7
71.7
71.5
71.5
71.5
71.5
71.5
71.5
71.5
71.5
71.5
71.5
71.5
71.5
71.5
71.4
71.4
71.5
71.5
71.5
71.5
71.6
71.6
71.6
71.6
71.5
71.5
71.4
71.4
71.4
71.4
71.9
72.1
72.0
71.9
72.2
72.2
72.1
72.1
72.1
72.0
72.0
72.1
71.9
71.8
71.8
71.9
71.9
71.9
71.8
71.8
71.9
71.9
71.8
71.8
71.8
71.8
71.8
71.8
72.0
72.0
71.8
71.8
71.8
71.8
71.8
71.8
71.8
71.8
71.9
72.0
72.0
72.0
72.2
72.1
72.2
72.2
72.2
72.9
72.5
72.5
72.8
72.8
72.4
72.5
72.3
72.3
72.9
72.4
72.2
72.2
72.1
72.1
72.1
72.1
72.1
72.1
72.2
72.1
72.1
72.1
72.0
72.0
72.0
72.0
72.2
72.2
72.3
72.1
72.2
72.2
72.1
71.9
72.0
72.0
72.0
72.0
71.8
71.9
72.0
71.9
71.9
71.9
71.9
71.9
71.9
72.6
72.0
71.9
71.9
71.9
72.0
72.0
72.0
72.0
72.0
72.2
72.1
72.1
72.1
71.9
71.9
71.9
71.9
71.9
72.0
72.0
71.8
71.9
71.9
71.9
71.9
71.9
71.9
71.9
71.9
71.8
71.9
72.0
72.0
71.9
71.9
72.0
72.0
72.0
72.4
72.0
71.9
71.9
71.9
71.8
71.8
72.0
72.0
72.0
72.1
71.9
71.9
71.9
71.9
72.0
72.0
72.0
72.0
72.0
72.0
71.8
71.9
71.9
71.8
71.8
71.8
71.8
71.8
71.8
72.0
72.0
72.0
71.9
71.9
71.9
71.9
71.9
71.9
72.5
71.9
71.9
71.9
71.9
71.9
71.9
71.9
71.9
71.9
72.2
71.9
71.9
71.9
71.9
71.9
71.9
71.9
71.9
71.9
72.0
72.0
71.9
71.9
71.8
71.9
71.9
71.9
71.9
71.9
72.1
72.0
72.0
72.0
71.8
71.8
71.8
71.8
71.8
71.8
71.9
71.9
71.9
71.9
71.9
71.9
71.9
71.9
71.9
71.9
71.7
71.8
71.8
71.8
71.8
71.8
71.8
71.8
71.8
74.0
74.6
74.5
74.5
74.3
73.6
73.5
73.3
73.3
73.3
73.3
73.3
73.3
73.2
73.2
73.3
73.3
73.3
73.5
73.3
73.3
73.3
73.1
73.1
73.1
73.2
73.2
73.1
73.2
73.3
73.4
73.4
73.2
73.2
73.2
73.2
73.2
73.2
73.2
73.2
73.3
73.2
73.2
73.2
73.2
73.2
73.2
73.5
73.2
73.2
73.2
73.2
73.1
73.1
73.2
73.2
73.2
73.2
73.2
73.1
73.1
73.1
73.1
73.1
73.1
73.1
73.1
73.2
73.5
73.4
73.3
73.3
73.3
73.4
73.7
73.7
73.9
74.0
74.1
74.0
73.9
74.0
73.9
73.9
73.9
73.8
73.5
73.7
73.7
73.7
73.7
73.7
73.7
73.4
73.4
73.3
73.2
73.2
73.2
73.2
73.2
73.2
73.2
73.4
73.4
73.9
73.5
73.5
73.5
73.5
73.5
73.5
73.7
73.3
73.3
73.3
73.3
73.4
73.5
73.5
73.6
73.7
73.0
73.0
73.0
73.0
73.0
73.0
73.0
72.9
72.9
72.9
72.9
72.8
72.8
72.8
72.8
72.8
72.8
72.8
72.8
72.7
72.7
72.7
72.7
72.7
72.7
72.7
72.7
72.7
72.7
72.7
72.9
72.7
72.7
72.7
72.7
72.8
72.8
72.8
72.8
72.8
72.8
72.8
72.8
72.8
72.6
72.6
72.6
72.5
72.4
72.5
72.4
72.5
72.4
72.4
72.4
72.4
72.4
72.4
73.2
72.7
72.6
72.6
72.6
72.6
72.6
72.6
72.6
72.6
72.5
72.5
72.5
72.5
72.5
72.5
72.5
72.5
72.5
72.5
72.5
72.5
72.5
72.4
72.5
72.5
72.5
72.5
72.5
72.5
72.5
72.5
72.5
72.5
72.5
72.5
72.5
72.5
72.5
72.5
72.5
72.5
72.5
72.5
72.5
72.5
72.5
72.5
73.0
72.5
72.5
72.5
72.5
72.5
72.5
72.5
72.5
72.5
72.5
72.5
72.5
72.5
72.5
72.5
72.5
72.5
72.5
72.5
72.5
72.5
72.5
72.5
72.5
72.6
72.6
72.6
72.6
72.7
72.6
72.6
72.6
72.6
72.6
72.6
72.6
72.6
72.6
72.5
72.5
72.5
72.5
72.5
72.5
72.5
72.5
72.8
72.8
72.7
72.7
72.7
72.7
72.7
72.6
72.7
72.8
72.8
72.8
72.7
72.7
72.7
72.7
72.7
72.7
72.6
72.6
72.7
72.7
72.7
72.7
72.7
72.7
72.8
72.7
72.7
72.7
72.8
72.7
72.7
72.7
72.7
72.7
72.7
72.7
72.7
72.7
73.4
72.7
72.7
72.7
72.7
72.7
72.7
72.7
72.7
72.7
72.8
72.8
72.8
72.8
72.7
72.7
72.7
72.7
72.7
72.7
72.7
72.7
72.7
72.7
72.7
72.7
72.7
72.6
72.6
72.6
72.6
72.6
72.6
72.5
72.6
72.6
72.6
72.6
72.6
73.6
72.6
72.6
72.7
72.6
72.6
72.6
72.6
72.6
72.6
72.6
72.6
72.6
72.6
72.6
72.6
72.6
72.6
72.6
72.8
72.7
72.7
72.7
72.7
72.7
72.7
72.7
72.7
72.7
72.7
72.6
72.6
72.6
72.6
72.6
72.6
72.6
72.6
72.6
72.7
72.7
72.7
72.7
72.7
72.7
72.7
72.7
72.7
72.7
72.7
72.7
72.7
72.7
72.6
72.6
72.6
72.7
72.7
72.7
72.6
72.6
72.7
72.7
72.7
72.7
72.7
72.7
72.7
72.8
72.9
72.9
72.9
72.9
72.8
72.8
72.8
72.8
72.8
72.8
72.8
72.8
72.8
72.8
72.8
72.8
72.8
72.8
72.8
72.8
72.8
72.8
72.8
72.9
72.9
72.8
72.9
72.8
72.9
72.8
72.8
73.0
73.0
73.0
73.0
73.2
73.0
74.1
73.3
73.3
73.5
73.4
73.4
73.4
73.4
73.4
73.3
73.2
73.3
73.3
73.5
73.4
73.5
73.4
73.6
73.9
74.2
74.0
74.0
74.1
74.1
74.1
74.1
74.1
74.1
74.4
74.6
75.0
74.6
74.6
74.6
74.6
74.6
74.5
74.8
74.8
74.9
74.8
74.6
74.7
74.7
74.7
74.8
74.7
74.7
74.8
74.7
74.9
75.3
75.4
75.3
75.3
75.1
75.1
75.1
75.1
75.1
75.1
75.1
75.0
75.0
75.0
75.0
74.8
74.9
74.9
74.9
74.9
74.9
74.9
74.9
75.4
74.8
74.8
74.8
74.8
74.9
74.9
74.9
74.9
74.9
75.4
74.7
74.7
74.7
74.7
74.8
74.8
74.8
74.8
74.8
74.8
74.8
74.7
74.7
74.7
74.8
74.8
74.8
74.8
74.8
74.9
74.8
74.8
74.8
74.8
74.8
74.7
74.7
74.7
74.7
74.6
74.4
74.6
74.6
74.6
74.6
74.6
74.4
74.4
74.4
74.6
74.6
74.6
74.6
74.6
74.6
74.5
74.6
75.2
75.1
74.8
74.6
74.7
74.7
74.7
74.7
74.7
74.8
75.0
75.0
75.7
75.9
75.7
75.7
75.7
75.5
75.4
75.2
75.2
75.3
75.3
75.3
75.3
75.3
75.1
75.1
75.1
74.9
75.0
75.0
75.0
75.0
75.0
75.0
75.0
75.0
75.1
74.9
74.9
75.0
75.0
75.1
75.1
75.1
74.7
75.0
74.5
74.6
74.6
74.6
74.6
74.6
74.6
74.6
74.6
74.8
74.6
74.6
74.6
74.6
74.6
74.6
74.6
74.6
74.6
74.5
74.2
74.2
74.2
74.2
74.2
74.3
74.3
74.3
74.3
74.3
74.3
74.3
74.3
74.3
74.3
74.3
74.3
74.3
74.3
74.3
74.3
74.3
74.3
74.3
74.4
74.3
74.3
74.3
74.6
74.3
74.3
74.3
74.3
74.3
74.3
74.3
74.5
74.5
74.7
74.4
74.9
74.6
74.6
74.7
74.6
74.6
74.6
74.4
74.5
74.3
74.4
74.5
74.5
74.6
74.5
74.5
74.1
74.9
74.3
74.3
74.3
74.3
74.3
74.3
74.3
74.4
76.5
75.4
75.5
75.6
76.1
75.6
75.5
75.5
75.5
75.3
75.4
75.5
75.5
75.5
75.5
75.7
75.8
75.6
75.4
75.5
75.6
75.4
75.1
75.4
75.4
75.2
75.4
75.3
75.4
75.4
75.8
76.2
76.0
76.0
76.0
75.9
75.8
75.6
75.6
75.6
75.6
75.6
75.6
75.6
75.6
75.6
75.7
75.7
75.7
75.6
75.6
75.7
75.6
75.6
75.6
75.6
75.6
75.5
76.1
76.1
76.1
76.2
76.3
76.1
76.1
75.6
75.6
75.6
75.6
75.6
75.5
75.5
75.6
75.6
75.7
75.7
75.7
75.7
75.7
75.7
75.7
75.6
75.6
75.6
75.5
75.4
75.4
75.4
75.4
75.4
75.4
75.4
75.4
75.4
75.4
75.3
75.3
75.3
75.3
75.4
75.5
75.4
75.4
75.5
75.3
75.4
75.3
75.3
75.4
75.4
75.4
75.3
75.3
75.3
75.3
75.3
75.3
75.5
76.3
81.9
76.9
76.7
76.4
76.4
76.4
76.4
76.4
76.4
76.3
76.3
76.6
75.7
75.7
75.7
75.7
75.7
75.7
75.7
75.7
75.6
75.6
75.6
75.6
75.6
75.1
75.2
75.2
75.1
75.1
74.7
74.7
74.7
74.7
74.7
74.7
74.7
74.6
74.6
74.6
74.6
74.6
74.6
74.6
74.6
74.6
74.6
74.5
74.5
74.5
74.5
74.5
74.5
74.5
74.5
74.5
74.5
74.5
74.5
74.5
74.6
74.5
74.6
74.6
74.6
74.5
74.5
74.5
74.8
75.5
74.7
74.1
73.8
69.2
69.1
69.7
69.8
69.8
69.6
69.5
69.5
69.5
69.5
69.5
69.4
69.4
69.4
70.0
69.5
69.5
69.5
69.5
69.5
69.5
69.5
69.4
69.3
69.2
69.2
69.2
69.2
69.2
69.2
69.1
69.1
69.2
69.2
69.2
69.2
69.1
69.1
69.1
69.1
69.1
69.2
69.2
69.3
69.2
69.2
69.2
69.2
69.3
69.2
69.1
69.1
69.1
69.1
69.1
69.1
69.1
69.1
69.1
69.1
69.1
69.1
69.1
69.1
69.1
69.1
69.1
69.1
69.1
69.1
69.1
69.1
70.0
69.1
69.5
69.5
69.5
69.5
69.5
69.5
69.5
69.5
69.3
69.3
69.2
69.3
69.2
69.2
69.2
69.2
69.2
69.9
69.2
69.2
69.2
69.2
69.2
69.3
69.3
69.3
69.3
69.2
69.2
69.2
69.2
69.2
69.2
69.3
69.4
69.3
69.6
69.2
69.2
69.2
69.2
69.2
69.2
69.3
69.3
69.5
69.4
69.4
69.3
69.3
69.3
69.3
69.3
69.3
69.3
69.3
69.4
69.3
69.3
69.3
69.3
69.3
69.3
69.3
69.3
69.3
69.2
69.2
69.2
69.2
69.3
69.3
69.3
69.3
69.2
69.3
69.4
69.2
69.2
69.2
69.2
69.2
69.2
69.2
71.2
71.7
71.7
71.6
71.6
71.6
71.6
71.6
71.6
