1.0
1.0
1.0
1.0
1.0
1.0
1.0
1.0
1.0
1.0
1.0
1.0
1.0
1.0
1.0
1.0
1.0
1.0
1.0
1.0
1.0
1.0
1.0
1.0
1.0
1.0
1.0
1.0
1.0
1.0
1.0
0.995
0.990025
0.985074875
0.9801495006250001
0.9752487531218751
0.9703725093562657
0.9655206468094844
0.960693043575437
0.9558895783575597
0.9511101304657719
0.946354579813443
0.9416228069143757
0.9369146928798039
0.9322301194154049
0.9275689688183278
0.9229311239742362
0.918316468354365
0.9137248860125932
0.9091562615825302
0.9046104802746175
0.9000874278732445
0.8955869907338783
0.8911090557802088
0.8866535105013078
0.8822202429488013
0.8778091417340573
0.8734200960253871
0.8690529955452602
0.8647077305675338
0.8603841919146962
0.8560822709551227
0.851801859600347
0.8475428503023453
0.8433051360508336
0.8390886103705794
0.8348931673187264
0.8307187014821328
0.8265651079747222
0.8224322824348486
0.8183201210226743
0.8142285204175609
0.810157377815473
0.8061065909263957
0.8020760579717637
0.798065677681905
0.7940753492934954
0.7901049725470279
0.7861544476842928
0.7822236754458713
0.778312557068642
0.7744209942832988
0.7705488893118823
0.7666961448653229
0.7628626641409962
0.7590483508202912
0.7552531090661897
0.7514768435208588
0.7477194593032545
0.7439808620067382
0.7402609576967045
0.736559652908221
0.7328768546436799
0.7292124703704616
0.7255664080186093
0.7219385759785162
0.7183288830986236
0.7147372386831305
0.7111635524897149
0.7076077347272662
0.7040696960536299
0.7005493475733617
0.697046600835495
0.6935613678313175
0.6900935609921609
0.6866430931872001
0.6832098777212641
0.6797938283326578
0.6763948591909945
0.6730128848950395
0.6696478204705644
0.6662995813682115
0.6629680834613705
0.6596532430440636
0.6563549768288433
0.653073201944699
0.6498078359349755
0.6465587967553006
0.6433260027715241
0.6401093727576664
0.6369088258938781
0.6337242817644086
0.6305556603555866
0.6274028820538087
0.6242658676435396
0.6211445383053219
0.6180388156137953
0.6149486215357263
0.6118738784280476
0.6088145090359074
0.6057704364907278
0.6027415843082742
0.5997278763867329
0.5967292370047992
0.5937455908197752
0.5907768628656763
0.5878229785513479
0.5848838636585911
0.5819594443402982
0.5790496471185967
0.5761543988830038
0.5732736268885887
0.5704072587541458
0.567555222460375
0.5647174463480732
0.5618938591163328
0.5590843898207511
0.5562889678716474
0.5535075230322891
0.5507399854171277
0.547986285490042
0.5452463540625918
0.5425201222922789
0.5398075216808175
0.5371084840724134
0.5344229416520513
0.531750826943791
0.5290920728090721
0.5264466124450268
0.5238143793828016
0.5211953074858876
0.5185893309484582
0.5159963842937159
0.5134164023722473
0.510849320360386
0.5082950737585841
0.5057535983897912
0.5032248303978422
0.500708706245853
0.4982051627146237
0.49571413690105054
0.4932355662165453
0.4907693883854626
0.4883155414435353
0.4858739637363176
0.483444593917636
0.4810273709480478
0.47862223409330756
0.47622912292284103
0.4738479773082268
0.47147873742168567
0.46912134373457726
0.46677573701590436
0.46444185833082485
0.46211964903917074
0.4598090507939749
0.457510005540005
0.45522245551230495
0.4529463432347434
0.4506816115185697
0.4484282034609769
0.446186062443672
0.4439551321314536
0.4417353564707963
0.43952667968844233
0.43732904629000013
0.4351424010585501
0.43296668905325736
0.43080185560799106
0.4286478463299511
0.42650460709830135
0.42437208406280985
0.4222502236424958
0.42013897252428334
0.4180382776616619
0.4159480862733536
0.41386834584198684
0.4117990041127769
0.40974000909221303
0.40769130904675194
0.40565285250151817
0.4036245882390106
0.4016064652978155
0.3995984329713264
0.3976004408064698
0.39561243860243744
0.3936343764094253
0.39166620452737816
0.3897078735047413
0.3877593341372176
0.3858205374665315
0.38389143477919885
0.3819719776053028
0.3800621177172763
0.37816180712868996
0.37627099809304654
0.3743896431025813
0.37251769488706843
0.3706551064126331
0.36880183088056995
0.3669578217261671
0.36512303261753626
0.3632974174544486
0.3614809303671764
0.3596735257153405
0.3578751580867638
0.35608578229633
0.3543053533848483
0.35253382661792404
0.3507711574848344
0.34901730169741024
0.3472722151889232
0.3455358541129786
0.3438081748424137
0.3420891339682016
0.3403786882983606
0.3386767948568688
0.33698341088258443
0.3352984938281715
0.33362200135903064
0.33195389135223546
0.3302941218954743
0.32864265128599696
0.326999438029567
0.3253644408394192
0.3237376186352221
0.322118930542046
0.32050833588933575
0.31890579420988907
0.3173112652388396
0.3157247089126454
0.3141460853680822
0.3125753549412418
0.31101247816653554
0.30945741577570285
0.3079101286968243
0.3063705780533402
0.30483872516307353
0.3033145315372582
0.3017979588795719
0.30028896908517405
0.2987875242397482
0.29729358661854943
0.29580711868545667
0.2943280830920294
0.29285644267656924
0.2913921604631864
0.28993519966087045
0.2884855236625661
0.28704309604425327
0.285607880564032
0.28417984116121187
0.2827589419554058
0.28134514724562876
0.2799384215094006
0.27853872940185365
0.27714603575484437
0.2757603055760701
0.2743815040481898
0.2730095965279488
0.27164454854530906
0.2702863258025825
0.2689348941735696
0.26759021970270175
0.2662522686041882
0.2649210072611673
0.26359640222486147
0.26227842021373715
0.2609670281126685
0.25966219297210513
0.2583638820072446
0.2570720625972084
0.25578670228422234
0.25450776877280124
0.2532352299289372
0.2519690537792925
0.2507092085103961
0.2494556624678441
0.24820838415550486
0.24696734223472733
0.2457325055235537
0.24450384299593592
0.24328132378095624
0.24206491716205145
0.2408545925762412
0.23965031961336
0.2384520680152932
0.23725980767521673
0.23607350863684065
0.23489314109365644
0.23371867538818816
0.23255008201124722
0.231387331601191
0.23023039494318503
0.2290792429684691
0.22793384675362674
0.22679417751985861
0.22566020663225933
0.22453190559909803
0.22340924607110255
0.22229219984074702
0.2211807388415433
0.22007483514733558
0.2189744609715989
0.2178795886667409
0.2167901907234072
0.21570623976979014
0.21462770857094118
0.21355457002808648
0.21248679717794605
0.21142436319205632
0.21036724137609603
0.20931540516921554
0.20826882814336947
0.20722748400265262
0.20619134658263935
0.20516038984972615
0.2041345879004775
0.2031139149609751
0.20209834538617025
0.2010878536592394
0.2000824143909432
0.19908200231898848
0.19808659230739353
0.19709615934585656
0.19611067854912728
0.19513012515638165
0.19415447453059972
0.19318370215794672
0.192217783647157
0.1912566947289212
0.1903004112552766
0.18934890919900021
0.18840216465300522
0.18746015382974018
0.1865228530605915
0.18559023879528855
0.1846622876013121
0.18373897616330553
0.182820281282489
0.18190617987607657
0.18099664897669618
0.1800916657318127
0.17919120740315364
0.17829525136613786
0.17740377510930716
0.17651675623376062
0.1756341724525918
0.17475600159032884
0.17388222158237718
0.1730128104744653
0.17214774642209296
0.1712870076899825
0.17043057265153258
0.16957841978827493
0.16873052768933355
0.1678868750508869
0.16704744067563246
0.1662122034722543
0.16538114245489302
0.16455423674261854
0.16373146555890544
0.16291280823111093
0.16209824418995536
0.16128775296900558
0.16048131420416054
0.15967890763313974
0.15888051309497406
0.1580861105294992
0.1572956799768517
0.15650920157696743
0.1557266555690826
0.1549480222912372
0.15417328217978102
0.1534024157688821
0.1526354036900377
0.1518722266715875
0.15111286553822956
0.15035730121053842
0.14960551470448571
0.14885748713096328
0.14811319969530845
0.1473726336968319
0.14663577052834775
0.14590259167570602
0.1451730787173275
0.14444721332374086
0.14372497725712216
0.14300635237083656
0.14229132060898236
0.14157986400593744
0.14087196468590776
0.14016760486247823
0.13946676683816583
0.138769433003975
0.13807558583895513
0.13738520790976036
0.13669828187021155
0.13601479046086049
0.1353347165085562
0.1346580429260134
0.13398475271138335
0.13331482894782642
0.13264825480308728
0.13198501352907185
0.1313250884614265
0.13066846301911936
0.13001512070402377
0.12936504510050365
0.12871821987500112
0.12807462877562611
0.12743425563174798
0.12679708435358925
0.1261630989318213
0.1255322834371622
0.12490462201997637
0.1242800989098765
0.12365869841532712
0.12304040492325048
0.12242520289863423
0.12181307688414106
0.12120401149972035
0.12059799144222175
0.11999500148501063
0.11939502647758558
0.11879805134519765
0.11820406108847166
0.1176130407830293
0.11702497557911415
0.11643985070121858
0.11585765144771248
0.11527836319047392
0.11470197137452155
0.11412846151764894
0.1135578192100607
0.11299003011401039
0.11242507996344034
0.11186295456362313
0.11130363979080501
0.11074712159185099
0.11019338598389174
0.10964241905397228
0.10909420695870241
0.1085487359239089
0.10800599224428936
0.10746596228306791
0.10692863247165257
0.1063939893092943
0.10586201936274783
0.10533270926593409
0.10480604571960442
0.1042820154910064
0.10376060541355137
0.1032418023864836
0.10272559337455119
0.10221196540767843
0.10170090558064004
0.10119240105273684
0.10068643904747315
0.10018300685223579
0.0996820918179746
0.09918368135888474
0.09868776295209031
0.09819432413732986
0.09770335251664321
0.09721483575406
0.09672876157528969
0.09624511776741324
0.09576389217857617
0.09528507271768329
0.09480864735409487
0.0943346041173244
0.09386293109673778
0.09339361644125409
0.09292664835904782
0.09246201511725258
0.09199970504166631
0.09153970651645797
0.09108200798387568
0.0906265979439563
0.09017346495423652
0.08972259762946533
0.089273984641318
0.0888276147181114
0.08838347664452084
0.08794155926129824
0.08750185146499175
0.08706434220766679
0.08662902049662846
0.08619587539414532
0.08576489601717459
0.08533607153708872
0.08490939117940327
0.08448484422350626
0.08406242000238873
0.08364210790237678
0.0832238973628649
0.08280777787605056
0.08239373898667031
0.08198177029173696
0.08157186144027828
0.0811640021330769
0.08075818212241151
0.08035439121179945
0.07995261925574046
0.07955285615946175
0.07915509187866444
0.07875931641927113
0.07836551983717477
0.07797369223798889
0.07758382377679894
0.07719590465791494
0.07680992513462537
0.07642587550895225
0.07604374613140748
0.07566352740075044
0.07528520976374668
0.07490878371492794
0.0745342397963533
0.07416156859737154
0.07379076075438468
0.07342180695061275
0.07305469791585968
0.07268942442628039
0.07232597730414898
0.07196434741762824
0.0716045256805401
0.0712465030521374
0.0708902705368767
0.07053581918419231
0.07018314008827135
0.06983222438783
0.06948306326589085
0.0691356479495614
0.06878996970981359
0.06844601986126451
0.06810378976195819
0.0677632708131484
0.06742445445908266
0.06708733218678724
0.0667518955258533
0.06641813604822402
0.0660860453679829
0.06575561514114299
0.06542683706543727
0.06509970288011008
0.06477420436570952
0.06445033334388098
0.06412808167716157
0.06380744126877576
0.06348840406243188
0.06317096204211972
0.06285510723190912
0.06254083169574957
0.062228127537270826
0.06191698689958447
0.061607401965086545
0.06129936495526111
0.0609928681304848
0.060687903789832374
0.06038446427088321
0.06008254194952879
0.05978212923978115
0.05948321859358224
0.05918580250061433
0.058889873488111255
0.058595424120670696
0.05830244700006734
0.058010934765067
0.05772088009124167
0.05743227569078546
0.05714511431233153
0.05685938874076987
0.056575091797066025
0.056292216338080694
0.05601075525639029
0.05573070148010834
0.0554520479727078
0.05517478773284426
0.05489891379418004
0.05462441922520914
0.0543512971290831
0.05407954064343768
0.05380914294022049
0.05354009722551939
0.05327239673939179
0.053006034755694834
0.052741004581916356
0.052477299559006776
0.052214913061211746
0.05195383849590569
0.05169406930342616
0.05143559895690903
0.051178420962124486
0.05092252885731386
0.05066791621302729
0.05041457663196215
0.050162503748802344
0.049911691230058335
0.04966213277390804
0.0494138221100385
0.04916675299948831
0.04892091923449087
0.04867631463831842
0.048432933065126825
0.048190768399801194
0.04794981455780219
0.04771006548501318
0.047471515157588115
0.047234157581800176
0.046997986793891174
0.04676299685992172
0.04652918187562211
0.046296535966244
0.046065053286412784
0.04583472801998072
0.045605554379880814
0.04537752660798141
0.0451506389749415
0.044924885780066794
0.04470026135116646
0.04447676004441063
0.04425437624418858
0.04403310436296763
0.043812938841152796
0.04359387414694703
0.043375904776212296
0.043159025252331236
0.04294323012606958
0.04272851397543923
0.04251487140556204
0.04230229704853423
0.04209078556329156
0.0418803316354751
0.041670929977297724
0.04146257532741124
0.04125526245077418
0.04104898613852031
0.04084374120782771
0.04063952250178857
0.04043632488927963
0.04023414326483323
0.040032972548509065
0.03983280768576652
0.03963364364733769
0.039435475429100995
0.03923829805195549
0.03904210656169572
0.03884689602888724
0.0386526615487428
0.03845939824099909
0.03826710124979409
0.038075765743545126
0.0378853869148274
0.03769595998025326
0.03750748018035199
0.037319942779450235
0.037133343065552986
0.03694767635022522
0.036762937968474095
0.03657912327863173
0.036396227662238566
0.03621424652392737
0.036033175291307735
0.03585300941485119
0.035673744367776934
0.03549537564593805
0.035317898767708356
0.03514130927386981
0.03496560272750046
0.03479077471386296
0.03461682084029365
0.034443736736092176
0.034271518052411715
0.034100160462149656
0.03392965965983891
0.033760011361539714
0.03359121130473201
0.033423255248208356
0.03325613897196732
0.03308985827710748
0.032924408985721944
0.03275978694079333
0.032595988006089364
0.032433008066058915
0.03227084302572862
0.032109488810599975
0.031948941366546975
0.03178919665971424
0.03163025067641567
0.03147209942303359
0.03131473892591842
0.031158165231288826
0.03100237440513238
0.030847362533106718
0.030693125720441184
0.030539660091838977
0.03038696179137978
0.030235026982422884
0.030083851847510768
0.029933432588273214
0.029783765425331846
0.029634846598205186
0.02948667236521416
0.029339239003388088
0.029192542808371146
0.02904658009432929
0.028901347193857643
0.028756840457888354
0.02861305625559891
0.028469990974320916
0.02832764101944931
0.028186002814352063
0.0280450728002803
0.0279048474362789
0.027765323199097504
0.027626496583102015
0.027488364100186506
0.027350922279685573
0.027214167668287145
0.02707809682994571
0.02694270634579598
0.026807992814067
0.026673952849996664
0.02654058308574668
0.026407880170317945
0.026275840769466357
0.026144461565619025
0.02601373925779093
0.025883670561501974
0.025754252208694463
0.02562548094765099
0.025497353542912736
0.02536986677519817
0.02524301744132218
0.025116802354115567
0.024991218342344988
0.024866262250633264
0.024741930939380097
0.024618221284683196
0.02449513017825978
0.02437265452736848
0.024250791254731636
0.024129537298457977
0.024008889611965685
0.023888845163905856
0.023769400938086327
0.023650553933395897
0.023532301163728918
0.023414639657910272
0.023297566459620722
0.023181078627322618
0.023065173234186005
0.022949847368015076
0.022835098131175
0.022720922640519125
0.02260731802731653
0.022494281437179946
0.022381810029994047
0.022269900979844076
0.022158551474944856
0.022047758717570132
0.021937519923982282
0.021827832324362372
0.02171869316274056
0.021610099696926857
0.021502049198442223
0.021394538952450012
0.02128756625768776
0.021181128426399323
0.021075222784267326
0.020969846670345987
0.020864997436994256
0.020760672449809284
0.020656869087560238
0.020553584742122436
0.020450816818411825
0.020348562734319765
0.020246819920648168
0.020145585821044927
0.020044857891939702
0.019944633602480003
0.019844910434467605
0.019745685882295267
0.01964695745288379
0.01954872266561937
0.019450979052291272
0.019353724157029815
0.019256955536244666
0.019160670758563442
0.019064867404770626
0.018969543067746772
0.018874695352408037
0.018780321875645996
0.018686420266267767
0.018592988164936427
0.018500023224111744
0.018407523107991184
0.01831548549245123
0.018223908064988973
0.018132788524664028
0.018042124582040707
0.017951913959130504
0.01786215438933485
0.017772843617388175
0.017683979399301233
0.017595559502304726
0.0175075817047932
0.017420043796269234
0.017332943577287888
0.01724627885940145
0.017160047465104442
0.01707424722777892
0.016988875991640028
0.016903931611681827
0.01681941195362342
0.016735314893855303
0.016651638319386028
0.0165683801277891
0.016485538227150154
0.0164031105360144
0.01632109498333433
0.016239489508417658
0.01615829206087557
0.01607750060057119
0.015997113097568336
0.015917127532080494
0.01583754189442009
0.01575835418494799
0.01567956241402325
0.015601164601953134
0.015523158778943369
0.015445542985048652
0.015368315270123408
0.01529147369377279
0.015215016325303928
0.015138941243677408
0.01506324653745902
0.014987930304771725
0.014912990653247866
0.014838425699981627
0.01476423357148172
0.014690412403624311
0.01461696034160619
0.014543875539898159
0.014471156162198668
0.014398800381387675
0.014326806379480736
0.014255172347583332
0.014183896485845416
0.014112977003416188
0.014042412118399107
0.013972200057807112
0.013902339057518077
0.013832827362230486
0.013763663225419333
0.013694844909292236
0.013626370684745774
0.013558238831322046
0.013490447637165436
0.013422995398979608
0.01335588042198471
0.013289101019874787
0.013222655514775413
0.013156542237201536
0.013090759526015528
0.01302530572838545
0.012960179199743523
0.012895378303744804
0.01283090141222608
0.012766746905164949
0.012702913170639124
0.012639398604785928
0.012576201611761997
0.012513320603703188
0.012450754000684672
0.012388500230681249
0.012326557729527843
0.012264924940880204
0.012203600316175803
0.012142582314594924
0.01208186940302195
0.01202146005600684
0.011961352755726806
0.01190154599194817
0.01184203826198843
0.011782828070678488
0.011723913930325095
0.01166529436067347
0.011606967888870102
0.01154893304942575
0.011491188384178622
0.011433732442257729
0.01137656378004644
0.011319680961146208
0.011263082556340478
0.011206767143558775
0.011150733307840981
0.011094979641301777
0.011039504743095268
0.01098430721937979
0.010929385683282892
0.010874738754866477
0.010820365061092144
0.010766263235786683
0.01071243191960775
0.010658869760009713
0.010605575411209664
0.010552547534153616
0.010499784796482848
0.010447285872500434
0.01039504944313793
0.010343074195922241
0.01029135882494263
0.010239902030817916
0.010188702520663827
0.010137759008060509
0.010087070213020206
0.010036634861955105
0.00998645168764533
0.00998645168764533
0.00998645168764533
0.00998645168764533
0.00998645168764533
0.00998645168764533
0.00998645168764533
0.00998645168764533
0.00998645168764533
0.00998645168764533
0.00998645168764533
0.00998645168764533
0.00998645168764533
0.00998645168764533
0.00998645168764533
0.00998645168764533
0.00998645168764533
0.00998645168764533
0.00998645168764533
0.00998645168764533
0.00998645168764533
0.00998645168764533
0.00998645168764533
0.00998645168764533
0.00998645168764533
0.00998645168764533
0.00998645168764533
0.00998645168764533
0.00998645168764533
0.00998645168764533
0.00998645168764533
0.00998645168764533
0.00998645168764533
0.00998645168764533
0.00998645168764533
0.00998645168764533
0.00998645168764533
0.00998645168764533
0.00998645168764533
0.00998645168764533
0.00998645168764533
0.00998645168764533
0.00998645168764533
0.00998645168764533
0.00998645168764533
0.00998645168764533
0.00998645168764533
0.00998645168764533
0.00998645168764533
0.00998645168764533
0.00998645168764533
0.00998645168764533
0.00998645168764533
0.00998645168764533
0.00998645168764533
0.00998645168764533
0.00998645168764533
0.00998645168764533
0.00998645168764533
0.00998645168764533
0.00998645168764533
0.00998645168764533
0.00998645168764533
0.00998645168764533
0.00998645168764533
0.00998645168764533
0.00998645168764533
0.00998645168764533
0.00998645168764533
0.00998645168764533
0.00998645168764533
0.00998645168764533
0.00998645168764533
0.00998645168764533
0.00998645168764533
0.00998645168764533
0.00998645168764533
0.00998645168764533
0.00998645168764533
0.00998645168764533
0.00998645168764533
0.00998645168764533
0.00998645168764533
0.00998645168764533
0.00998645168764533
0.00998645168764533
0.00998645168764533
0.00998645168764533
0.00998645168764533
0.00998645168764533
0.00998645168764533
0.00998645168764533
0.00998645168764533
0.00998645168764533
0.00998645168764533
0.00998645168764533
0.00998645168764533
0.00998645168764533
0.00998645168764533
0.00998645168764533
0.00998645168764533
0.00998645168764533
0.00998645168764533
0.00998645168764533
0.00998645168764533
0.00998645168764533
0.00998645168764533
0.00998645168764533
0.00998645168764533
0.00998645168764533
0.00998645168764533
0.00998645168764533
0.00998645168764533
0.00998645168764533
0.00998645168764533
0.00998645168764533
0.00998645168764533
0.00998645168764533
0.00998645168764533
0.00998645168764533
0.00998645168764533
0.00998645168764533
0.00998645168764533
0.00998645168764533
0.00998645168764533
0.00998645168764533
0.00998645168764533
0.00998645168764533
0.00998645168764533
0.00998645168764533
0.00998645168764533
0.00998645168764533
0.00998645168764533
0.00998645168764533
0.00998645168764533
0.00998645168764533
0.00998645168764533
0.00998645168764533
0.00998645168764533
0.00998645168764533
0.00998645168764533
0.00998645168764533
0.00998645168764533
0.00998645168764533
0.00998645168764533
0.00998645168764533
0.00998645168764533
0.00998645168764533
0.00998645168764533
0.00998645168764533
0.00998645168764533
0.00998645168764533
0.00998645168764533
0.00998645168764533
0.00998645168764533
0.00998645168764533
0.00998645168764533
0.00998645168764533
0.00998645168764533
0.00998645168764533
0.00998645168764533
0.00998645168764533
0.00998645168764533
0.00998645168764533
0.00998645168764533
0.00998645168764533
0.00998645168764533
0.00998645168764533
0.00998645168764533
0.00998645168764533
0.00998645168764533
0.00998645168764533
0.00998645168764533
0.00998645168764533
0.00998645168764533
0.00998645168764533
0.00998645168764533
0.00998645168764533
0.00998645168764533
0.00998645168764533
0.00998645168764533
0.00998645168764533
0.00998645168764533
0.00998645168764533
0.00998645168764533
0.00998645168764533
0.00998645168764533
0.00998645168764533
0.00998645168764533
0.00998645168764533
0.00998645168764533
0.00998645168764533
0.00998645168764533
0.00998645168764533
0.00998645168764533
0.00998645168764533
0.00998645168764533
0.00998645168764533
0.00998645168764533
0.00998645168764533
0.00998645168764533
0.00998645168764533
0.00998645168764533
0.00998645168764533
0.00998645168764533
0.00998645168764533
0.00998645168764533
0.00998645168764533
0.00998645168764533
0.00998645168764533
0.00998645168764533
0.00998645168764533
0.00998645168764533
0.00998645168764533
0.00998645168764533
0.00998645168764533
0.00998645168764533
0.00998645168764533
0.00998645168764533
0.00998645168764533
0.00998645168764533
0.00998645168764533
0.00998645168764533
0.00998645168764533
0.00998645168764533
0.00998645168764533
0.00998645168764533
0.00998645168764533
0.00998645168764533
0.00998645168764533
0.00998645168764533
0.00998645168764533
0.00998645168764533
0.00998645168764533
0.00998645168764533
0.00998645168764533
0.00998645168764533
0.00998645168764533
0.00998645168764533
0.00998645168764533
0.00998645168764533
0.00998645168764533
0.00998645168764533
0.00998645168764533
0.00998645168764533
0.00998645168764533
0.00998645168764533
0.00998645168764533
0.00998645168764533
0.00998645168764533
0.00998645168764533
0.00998645168764533
0.00998645168764533
0.00998645168764533
0.00998645168764533
0.00998645168764533
0.00998645168764533
0.00998645168764533
0.00998645168764533
0.00998645168764533
0.00998645168764533
0.00998645168764533
0.00998645168764533
0.00998645168764533
0.00998645168764533
0.00998645168764533
0.00998645168764533
0.00998645168764533
0.00998645168764533
0.00998645168764533
0.00998645168764533
0.00998645168764533
0.00998645168764533
0.00998645168764533
0.00998645168764533
0.00998645168764533
0.00998645168764533
0.00998645168764533
0.00998645168764533
0.00998645168764533
0.00998645168764533
0.00998645168764533
0.00998645168764533
0.00998645168764533
0.00998645168764533
0.00998645168764533
0.00998645168764533
0.00998645168764533
0.00998645168764533
0.00998645168764533
0.00998645168764533
0.00998645168764533
0.00998645168764533
0.00998645168764533
0.00998645168764533
0.00998645168764533
0.00998645168764533
0.00998645168764533
0.00998645168764533
0.00998645168764533
0.00998645168764533
0.00998645168764533
0.00998645168764533
0.00998645168764533
0.00998645168764533
0.00998645168764533
0.00998645168764533
0.00998645168764533
0.00998645168764533
0.00998645168764533
0.00998645168764533
0.00998645168764533
0.00998645168764533
0.00998645168764533
0.00998645168764533
0.00998645168764533
0.00998645168764533
0.00998645168764533
0.00998645168764533
0.00998645168764533
0.00998645168764533
0.00998645168764533
0.00998645168764533
0.00998645168764533
0.00998645168764533
0.00998645168764533
0.00998645168764533
0.00998645168764533
0.00998645168764533
0.00998645168764533
0.00998645168764533
0.00998645168764533
0.00998645168764533
0.00998645168764533
0.00998645168764533
0.00998645168764533
0.00998645168764533
0.00998645168764533
0.00998645168764533
0.00998645168764533
0.00998645168764533
0.00998645168764533
0.00998645168764533
0.00998645168764533
0.00998645168764533
0.00998645168764533
0.00998645168764533
0.00998645168764533
0.00998645168764533
0.00998645168764533
0.00998645168764533
0.00998645168764533
0.00998645168764533
0.00998645168764533
0.00998645168764533
0.00998645168764533
0.00998645168764533
0.00998645168764533
0.00998645168764533
0.00998645168764533
0.00998645168764533
0.00998645168764533
0.00998645168764533
0.00998645168764533
0.00998645168764533
0.00998645168764533
0.00998645168764533
0.00998645168764533
0.00998645168764533
0.00998645168764533
0.00998645168764533
0.00998645168764533
0.00998645168764533
0.00998645168764533
0.00998645168764533
0.00998645168764533
0.00998645168764533
0.00998645168764533
0.00998645168764533
0.00998645168764533
0.00998645168764533
0.00998645168764533
0.00998645168764533
0.00998645168764533
0.00998645168764533
0.00998645168764533
0.00998645168764533
0.00998645168764533
0.00998645168764533
0.00998645168764533
0.00998645168764533
0.00998645168764533
0.00998645168764533
0.00998645168764533
0.00998645168764533
0.00998645168764533
0.00998645168764533
0.00998645168764533
0.00998645168764533
0.00998645168764533
0.00998645168764533
0.00998645168764533
0.00998645168764533
0.00998645168764533
0.00998645168764533
0.00998645168764533
0.00998645168764533
0.00998645168764533
0.00998645168764533
0.00998645168764533
0.00998645168764533
0.00998645168764533
0.00998645168764533
0.00998645168764533
0.00998645168764533
0.00998645168764533
0.00998645168764533
0.00998645168764533
0.00998645168764533
0.00998645168764533
0.00998645168764533
0.00998645168764533
0.00998645168764533
0.00998645168764533
0.00998645168764533
0.00998645168764533
0.00998645168764533
0.00998645168764533
0.00998645168764533
0.00998645168764533
0.00998645168764533
0.00998645168764533
0.00998645168764533
0.00998645168764533
0.00998645168764533
0.00998645168764533
0.00998645168764533
0.00998645168764533
0.00998645168764533
0.00998645168764533
0.00998645168764533
0.00998645168764533
0.00998645168764533
0.00998645168764533
0.00998645168764533
0.00998645168764533
0.00998645168764533
0.00998645168764533
0.00998645168764533
0.00998645168764533
0.00998645168764533
0.00998645168764533
0.00998645168764533
0.00998645168764533
0.00998645168764533
0.00998645168764533
0.00998645168764533
0.00998645168764533
0.00998645168764533
0.00998645168764533
0.00998645168764533
0.00998645168764533
0.00998645168764533
0.00998645168764533
0.00998645168764533
0.00998645168764533
0.00998645168764533
0.00998645168764533
0.00998645168764533
0.00998645168764533
0.00998645168764533
0.00998645168764533
0.00998645168764533
0.00998645168764533
0.00998645168764533
0.00998645168764533
0.00998645168764533
0.00998645168764533
0.00998645168764533
0.00998645168764533
0.00998645168764533
0.00998645168764533
0.00998645168764533
0.00998645168764533
0.00998645168764533
0.00998645168764533
0.00998645168764533
0.00998645168764533
0.00998645168764533
0.00998645168764533
0.00998645168764533
0.00998645168764533
0.00998645168764533
0.00998645168764533
0.00998645168764533
0.00998645168764533
0.00998645168764533
0.00998645168764533
0.00998645168764533
0.00998645168764533
0.00998645168764533
0.00998645168764533
0.00998645168764533
0.00998645168764533
0.00998645168764533
0.00998645168764533
0.00998645168764533
0.00998645168764533
0.00998645168764533
0.00998645168764533
0.00998645168764533
0.00998645168764533
0.00998645168764533
0.00998645168764533
0.00998645168764533
0.00998645168764533
0.00998645168764533
0.00998645168764533
0.00998645168764533
0.00998645168764533
0.00998645168764533
0.00998645168764533
0.00998645168764533
0.00998645168764533
0.00998645168764533
0.00998645168764533
0.00998645168764533
0.00998645168764533
0.00998645168764533
0.00998645168764533
0.00998645168764533
0.00998645168764533
0.00998645168764533
0.00998645168764533
0.00998645168764533
0.00998645168764533
0.00998645168764533
0.00998645168764533
0.00998645168764533
0.00998645168764533
0.00998645168764533
0.00998645168764533
0.00998645168764533
0.00998645168764533
0.00998645168764533
0.00998645168764533
0.00998645168764533
0.00998645168764533
0.00998645168764533
0.00998645168764533
0.00998645168764533
