2.5
0.0
0.0
50.0
0.0
0.0
0.0
0.0
0.0
0.0
50.0
0.0
0.0
0.0
0.0
0.0
50.0
0.0
0.0
0.0
0.0
0.0
0.0
50.0
0.0
0.0
0.0
0.0
0.0
50.0
0.0
0.0
52.1
55.5
54.3
68.3
53.8
53.8
54.3
54.3
52.2
53.8
52.0
54.0
53.7
66.8
53.1
51.9
53.7
53.7
51.6
53.8
53.0
53.8
54.4
64.7
53.8
52.3
53.9
53.2
53.7
54.3
58.0
54.1
60.0
61.1
54.4
52.2
54.1
51.6
53.5
53.7
52.0
53.2
66.9
53.2
53.3
52.0
53.4
52.5
53.8
51.7
53.9
54.2
66.7
54.7
53.0
52.4
53.8
52.8
53.7
53.0
54.5
53.4
66.7
52.9
52.1
53.8
52.4
51.1
52.5
52.9
54.4
54.4
66.8
55.9
57.8
53.8
53.4
52.6
54.1
51.8
53.3
54.4
65.5
55.2
52.1
52.8
55.7
52.1
54.3
51.7
53.2
52.7
65.0
52.9
51.6
54.3
54.6
51.3
54.1
52.3
55.3
55.4
65.3
53.4
51.8
54.6
54.0
53.0
54.1
52.7
57.6
65.0
57.2
54.3
52.0
53.9
52.0
53.6
53.5
52.6
53.6
67.2
54.0
54.2
53.2
53.3
52.4
53.1
55.0
52.3
53.9
66.5
55.4
53.5
51.5
53.8
52.6
53.0
52.5
53.6
52.3
66.4
54.2
52.8
53.7
54.2
52.3
53.7
51.6
53.6
54.4
66.1
53.8
51.0
53.6
54.7
52.1
53.5
52.3
52.2
53.5
65.6
53.9
51.7
54.2
54.0
51.2
54.1
51.7
53.6
51.9
67.8
54.5
52.3
53.6
52.7
53.8
53.3
52.7
54.2
53.4
67.5
54.6
52.5
54.8
53.7
53.5
52.7
52.5
54.1
65.7
55.8
53.8
52.5
54.5
54.2
52.6
52.3
52.6
53.4
68.4
52.1
53.7
53.5
54.8
53.9
53.2
54.5
51.6
53.8
68.5
52.5
53.0
52.9
52.7
51.9
54.3
53.5
53.0
53.3
67.1
53.4
54.8
52.3
54.3
52.3
54.0
53.1
52.8
53.1
66.5
53.6
52.9
52.7
55.3
51.7
53.8
54.8
51.2
53.6
81.6
54.3
53.7
51.3
53.6
52.9
52.2
52.5
54.5
61.3
59.2
53.7
51.7
60.2
54.0
51.9
53.9
52.2
52.9
67.7
52.7
53.9
51.7
53.9
55.1
51.5
53.1
51.7
52.8
66.5
52.6
53.6
53.8
54.2
51.7
53.7
52.9
50.5
52.1
65.3
52.9
53.4
52.0
54.3
51.4
53.0
53.7
51.7
54.0
67.0
54.5
54.2
52.5
54.8
52.3
54.2
52.1
53.8
54.4
66.0
55.1
53.2
53.7
53.8
51.7
54.0
52.8
53.9
54.2
65.2
53.6
51.9
53.0
53.1
50.9
54.0
53.8
55.3
51.8
67.7
54.9
54.5
57.5
55.3
56.6
57.7
55.1
61.8
51.2
67.1
54.4
52.4
53.7
53.3
54.1
55.6
52.4
52.8
51.5
66.0
54.1
54.6
54.1
53.2
53.7
53.4
52.6
53.2
53.1
67.7
53.8
53.8
53.9
51.7
54.0
51.5
52.8
52.8
55.5
65.9
50.6
53.9
53.8
53.2
53.7
51.9
54.5
53.0
55.5
66.2
52.0
54.0
52.2
54.4
53.6
51.7
53.4
52.5
58.5
64.4
52.3
54.1
52.8
53.6
53.7
52.2
54.4
51.6
55.3
66.3
51.3
54.9
50.5
53.9
53.3
53.1
53.4
52.3
60.9
60.0
53.5
52.5
51.4
53.9
52.1
52.8
51.5
54.2
56.4
65.6
54.5
52.4
54.3
54.7
51.7
54.8
51.4
53.2
57.8
60.9
53.0
52.4
54.3
53.3
53.0
53.1
51.9
53.4
52.4
67.5
54.0
50.4
54.5
51.2
54.2
54.1
52.8
52.8
60.3
60.4
54.8
52.3
53.9
52.9
57.1
51.4
79.9
63.9
77.0
53.4
53.9
50.5
52.8
53.7
52.1
54.3
53.0
53.8
66.7
53.5
54.6
52.7
53.4
52.1
53.7
54.3
52.3
53.4
67.4
54.3
54.2
52.6
54.2
52.0
53.9
51.5
54.2
54.3
67.9
54.8
52.4
54.2
54.3
53.3
52.8
52.4
53.4
51.8
67.9
54.1
51.6
52.9
51.9
54.5
53.6
51.9
53.7
52.4
66.9
53.5
51.7
53.8
53.6
53.8
51.6
54.0
53.0
51.6
66.7
52.4
54.0
53.9
53.4
53.6
51.7
53.4
53.5
53.8
67.3
51.9
53.7
51.5
54.5
53.1
52.7
53.2
51.7
53.6
66.6
51.2
53.9
52.1
55.1
52.8
51.9
53.2
52.2
52.7
66.6
52.8
52.9
53.4
54.2
53.8
53.3
54.6
51.7
53.4
65.8
53.5
53.4
51.9
54.4
52.5
53.5
52.0
53.7
54.1
66.5
54.7
51.6
54.5
53.5
52.0
53.7
51.3
54.9
53.0
67.6
52.7
51.8
53.6
51.7
53.2
53.1
51.9
52.3
52.1
67.8
54.7
52.7
52.7
54.5
53.8
54.5
53.0
52.9
51.9
67.8
54.6
51.7
53.5
51.5
52.8
53.0
53.6
53.7
52.3
68.2
52.1
52.9
51.5
53.1
53.3
52.0
52.8
53.1
52.4
67.2
52.7
52.2
53.1
52.1
54.2
52.9
52.3
51.7
53.4
67.3
50.9
54.0
53.0
53.2
53.0
51.9
53.4
52.0
54.2
71.8
50.9
54.3
52.4
53.9
53.6
52.2
54.0
51.6
57.9
64.7
51.9
54.6
51.7
54.0
52.4
54.2
52.9
52.1
59.4
61.1
54.3
53.5
52.5
53.7
52.8
53.2
53.3
52.4
63.4
57.2
53.3
53.8
53.2
53.5
52.7
53.5
52.2
52.8
61.6
59.9
54.1
50.8
54.8
52.6
52.1
53.9
52.2
53.5
64.4
56.1
53.4
52.3
54.1
53.9
51.7
53.9
52.8
53.6
64.5
55.2
53.8
52.1
54.3
51.9
53.4
53.8
52.9
53.4
65.9
55.1
53.7
52.6
53.9
52.3
53.6
52.8
53.0
56.1
67.2
53.3
54.3
52.0
54.2
52.6
53.8
52.1
54.1
52.0
67.0
53.8
70.9
99.3
68.3
65.4
52.4
53.3
51.9
67.6
53.9
52.2
53.6
52.3
54.3
51.5
53.2
53.4
52.5
67.2
51.7
54.1
53.6
53.1
52.9
51.9
53.8
53.2
53.6
67.4
52.9
54.9
53.4
53.3
53.1
52.4
52.8
52.6
54.0
66.6
52.5
53.9
52.4
54.4
52.8
52.2
52.0
52.3
53.4
66.7
52.3
53.4
50.8
53.8
53.2
52.0
52.4
52.5
54.0
66.6
53.0
53.1
51.9
53.6
51.6
53.8
52.7
51.3
54.3
65.5
53.1
54.8
52.3
53.3
53.4
54.8
54.4
52.4
54.0
66.3
51.7
52.7
52.4
53.5
52.0
54.4
52.6
52.5
53.9
66.4
54.7
52.5
51.3
53.6
51.7
53.7
52.9
52.2
54.8
66.8
54.1
53.3
52.5
53.2
52.3
53.5
51.4
53.3
53.1
66.6
54.3
52.1
54.3
54.6
51.2
53.7
52.0
53.9
52.6
67.9
64.7
62.5
54.6
54.2
51.7
53.6
51.7
53.3
63.4
58.8
53.8
52.5
54.0
52.7
53.8
54.2
52.6
53.4
65.9
53.2
52.9
53.2
54.7
52.9
53.5
53.1
54.9
53.3
66.1
54.0
52.3
54.6
53.7
53.8
52.8
52.3
53.0
53.9
65.9
53.5
51.3
54.5
55.1
53.0
53.1
51.6
53.2
51.1
68.1
53.0
51.3
53.5
52.3
53.8
53.2
53.2
53.6
52.9
68.2
54.1
52.0
53.1
51.2
53.7
52.4
51.4
52.5
50.8
67.9
54.1
53.2
54.2
53.3
53.1
51.7
53.6
51.4
52.1
66.7
51.9
52.8
54.1
53.0
52.6
52.1
53.1
51.6
54.0
66.4
52.3
54.6
58.5
52.4
53.4
54.0
56.6
53.4
54.3
67.7
54.4
57.3
54.3
56.7
56.6
55.3
56.0
54.8
54.7
67.3
52.2
53.2
53.1
52.6
54.1
51.5
53.7
52.0
53.8
67.8
52.3
53.3
51.5
53.1
53.3
51.9
53.9
52.3
52.6
66.6
52.3
54.1
51.7
53.9
51.6
54.4
53.0
52.4
52.9
64.9
53.3
53.9
51.5
54.2
52.1
52.9
51.8
55.4
52.6
67.1
54.8
52.4
53.7
53.9
53.8
53.1
52.1
53.7
52.4
66.4
54.5
52.4
53.3
54.0
54.4
52.4
51.9
54.2
52.1
67.4
52.8
52.2
54.1
52.4
53.7
52.7
51.6
52.4
51.6
67.4
54.3
52.1
54.0
52.8
53.3
52.3
53.0
52.7
51.1
68.2
52.6
53.3
53.4
52.9
53.4
51.8
52.8
53.5
51.9
67.4
52.2
53.5
53.9
53.1
53.5
53.2
53.6
51.5
53.4
67.6
50.6
53.1
52.9
53.0
54.2
52.6
54.2
52.5
53.2
68.5
51.6
53.6
52.6
53.1
53.1
54.1
54.6
51.6
54.0
66.7
54.8
53.3
52.4
54.4
52.0
53.3
52.5
54.5
54.3
66.7
53.5
53.0
52.3
55.2
51.9
53.7
52.3
53.7
54.2
66.9
54.5
51.7
54.7
53.9
52.6
53.0
52.6
53.4
51.2
67.6
53.7
52.1
53.5
53.0
54.4
53.7
52.4
53.9
51.1
66.8
53.4
51.8
53.1
52.5
53.9
53.0
54.2
53.5
52.3
67.8
51.4
53.8
54.3
52.9
53.4
51.5
53.1
52.9
52.5
66.8
51.7
53.4
53.3
53.2
53.6
51.4
53.4
52.1
54.4
66.2
51.5
54.3
53.0
52.7
53.4
52.1
53.3
52.3
53.5
67.7
53.2
54.3
52.2
53.9
52.5
53.6
54.4
51.6
57.5
61.7
53.6
53.7
52.1
54.5
52.2
51.9
52.2
52.8
54.4
66.3
53.9
52.5
51.6
53.8
50.8
53.7
52.4
53.2
59.8
60.8
54.5
52.4
53.5
54.6
52.9
52.9
52.0
53.9
59.6
62.3
54.8
52.7
54.3
52.1
53.7
54.3
53.2
53.4
62.0
58.6
72.7
67.7
55.1
53.9
51.9
54.3
52.1
52.9
67.9
52.6
54.4
51.2
53.3
53.7
52.3
53.1
52.6
54.7
66.9
52.0
53.4
50.7
53.7
52.9
52.8
53.4
51.2
53.2
68.3
52.0
53.3
51.9
54.4
52.5
53.5
53.5
53.0
53.9
67.3
53.8
52.9
52.7
54.6
52.0
53.8
53.3
53.2
53.9
66.2
54.9
53.9
53.1
52.8
52.0
53.3
51.0
53.2
53.4
66.7
53.0
52.3
54.2
54.3
52.1
52.7
51.9
54.3
53.1
66.4
54.8
52.2
54.2
52.9
53.2
53.3
51.6
54.6
58.0
62.9
52.3
52.8
52.3
53.4
54.2
54.0
51.9
53.5
58.3
63.1
53.8
52.5
53.4
52.2
54.5
51.9
54.2
53.9
65.0
53.7
52.0
54.1
52.7
52.2
53.2
52.3
53.6
58.0
66.6
53.7
51.4
53.0
53.1
52.9
54.2
52.4
53.3
52.8
66.5
54.6
52.7
53.9
53.1
52.9
53.2
52.0
54.2
52.3
67.9
55.2
52.3
53.9
52.7
55.0
53.3
52.0
53.6
51.8
68.8
53.5
51.1
54.3
52.6
54.0
52.4
53.8
53.5
51.6
68.3
51.9
54.1
54.3
51.7
53.3
52.7
54.0
53.4
52.4
66.9
52.4
52.7
54.0
52.1
53.6
51.9
52.9
52.1
53.9
66.1
50.9
52.8
51.6
53.9
54.2
51.9
53.7
52.1
53.5
68.0
51.9
55.2
52.9
54.7
55.9
51.2
52.9
51.3
54.0
67.5
52.7
53.6
55.0
53.3
53.6
54.2
54.3
52.9
65.4
53.5
51.5
52.8
54.3
53.2
54.4
51.4
54.7
56.1
66.7
54.9
52.8
53.5
54.2
52.1
53.3
52.1
53.4
51.8
67.1
52.9
51.9
53.9
52.0
53.5
52.7
52.9
53.4
51.8
66.9
54.2
51.5
54.1
51.8
54.6
54.0
52.7
53.4
52.6
67.1
53.5
53.7
68.2
59.9
54.5
53.0
52.0
54.3
55.8
64.6
53.3
51.6
53.7
51.2
53.6
54.1
51.5
53.5
63.9
56.8
53.5
52.2
53.7
53.2
54.2
51.7
52.6
54.2
60.5
60.8
52.6
53.4
53.6
53.1
53.0
